,date,acc_cases,daily_cases,cases_7dma
0,2022-04-22,8,8,4
1,2022-04-23,31,23,7
2,2022-04-24,51,20,8
3,2022-04-25,83,32,13
4,2022-04-26,117,34,17
5,2022-04-27,168,51,24
6,2022-04-28,221,53,32
7,2022-04-29,275,54,38
8,2022-04-30,335,60,43
9,2022-05-01,374,39,46
10,2022-05-02,434,60,50
11,2022-05-03,486,52,53
12,2022-05-04,537,51,53
13,2022-05-05,609,72,55
14,2022-05-06,660,51,55
15,2022-05-07,722,62,55
16,2022-05-08,766,44,56
17,2022-05-09,838,72,58
18,2022-05-10,875,37,56
19,2022-05-11,920,45,55
20,2022-05-12,969,49,51
21,2022-05-13,1025,56,52
22,2022-05-14,1060,35,48
23,2022-05-15,1109,49,49
24,2022-05-16,1153,44,45
25,2022-05-17,1213,60,48
26,2022-05-18,1266,53,49
27,2022-05-19,1323,57,51
28,2022-05-20,1392,69,52
29,2022-05-21,1452,60,56
30,2022-05-22,1548,96,63
31,2022-05-23,1594,46,63
32,2022-05-24,1637,43,61
33,2022-05-25,1682,45,59
34,2022-05-26,1710,28,55
35,2022-05-27,1738,28,49
36,2022-05-28,1757,19,44
37,2022-05-29,1768,11,31
38,2022-05-30,1786,18,27
39,2022-05-31,1800,14,23
40,2022-06-01,1814,14,19
41,2022-06-02,1830,16,17
42,2022-06-03,1844,14,15
43,2022-06-04,1862,18,15
44,2022-06-05,1867,5,14
45,2022-06-06,1870,3,12
46,2022-06-07,1878,8,11
47,2022-06-08,1879,1,9
48,2022-06-09,1895,16,9
49,2022-06-10,1965,70,17
50,2022-06-11,2029,64,24
